0 0.035015
1 -0.0731505
2 -0.0938387
3 -0.202201
4 0.0165117
5 0.0428493
6 -0.0149636
7 0.0588133
8 -0.0606706
9 0.0630848
10 0.00375624
11 0.0812141
12 0.0644628
13 0.0890682
14 -0.0179753
15 0.01724
16 -0.0236837
17 -0.017306
18 0.135405
19 0.0442076
20 -0.0663397
21 -0.0424823
22 0.0550733
23 -0.0104952
24 0.00842143
25 -0.038447
26 -0.124094
27 -0.0872051
28 0.050979
29 0.0170825
30 0.014622
31 0.0147204
32 0.128634
33 -0.0610052
34 0.112355
35 0.0378692
36 -0.00610562
37 -0.0676782
38 0.0399164
39 0.0895209
40 -0.109803
41 0.0521994
42 0.0197202
43 0.136074
44 -0.0191367
45 0.0353299
46 -0.00679457
47 0.0487743
48 -0.0475215
49 -0.0198059
50 0.0452311
51 0.15009
52 0.0427116
53 0.032023
54 -0.0447263
55 -0.0657492
56 0.00832301
57 -0.0146093
58 -0.0840162
59 0.116902
60 0.161349
61 0.025035
62 0.0547781
63 0.0122205
64 0.0541482
65 -0.0108889
66 0.0891469
67 0.143358
68 -0.000121575
69 -0.069312
70 -0.00319233
71 0.00346097
72 0.0298577
73 -0.00921574
74 0.126055
75 -0.0230341
76 0.0158818
77 0.026905
78 -0.033644
79 -0.0101606
80 0.0117087
81 -0.00718825
82 -0.0580723
83 0.0202911
84 -0.0720285
85 -0.0215185
86 -0.092264
87 -0.0612611
88 0.00603962
89 -0.169112
90 -0.0920475
91 -0.0151604
92 0.104993
93 -0.0355928
94 -0.049175
95 0.0103111
96 0.0931232
97 0.0631439
98 -0.0697648
99 -0.0696467
100 0.0938515
101 -0.0546078
102 0.049542
103 0.0519238
104 0.0858596
105 -0.0484663
106 -0.0797644
107 0.036944
108 0.143338
109 0.0197399
110 0.0352512
111 0.0348378
112 -0.0199831
113 -0.016558
114 -0.126987
115 -0.0501395
116 0.0943633
117 0.0530458
118 0.0046814
119 0.0791079
120 -0.10376
121 0.0920996
122 0.0123189
123 -0.075178
124 -0.0864177
125 -0.0520686
126 0.0976899
127 -0.107972
128 -0.0552377
129 0.0148385
130 0.0293459
131 0.122453
132 -0.0368526
133 -0.0136841
134 -0.0501001
135 0.0565103
136 0.0540891
137 0.0734191
138 -0.140136
139 -0.13677
140 -0.0231129
141 0.057652
142 0.0538332
143 0.0283223
144 0.0437351
145 0.0418454
146 0.016866
147 0.00161065
148 -0.0111054
149 0.00765374
150 0.0703287
151 0.0342867
152 0.0950129
153 0.0234996
154 0.145976
155 0.0522191
156 -0.0943308
157 0.0757616
158 -0.0193335
159 -0.0172666
160 0.0372393
161 0.0584197
162 0.00076422
163 -0.10498
164 -0.0199043
165 -0.150549
166 -0.0224436
167 0.0275152
168 0.0695807
169 -0.00490487
170 -0.0255341
171 0.00326413
172 0.0801905
173 -0.00407813
174 0.0843242
175 0.180856
176 -0.0268332
177 0.0410974
178 0.0329875
179 -0.0518323
180 -0.016558
181 -0.0715561
182 -0.154368
183 0.106154
184 -0.130727
185 0.061018
186 -0.0539189
187 0.0174369
188 0.102946
189 0.0420226
190 -0.0559857
191 -0.138384
192 -0.0705915
193 -0.0696467
194 0.0296018
195 0.141566
196 -0.0163612
197 0.0148976
198 -0.0234082
199 -0.0164989
200 -0.0230735
201 -0.00547572
202 0.0153306
203 0.0431249
204 -0.0133298
205 0.0501522
206 0.168396
207 0.210816
208 -0.0350613
209 0.00928754
210 0.154007
211 0.0098387
212 0.014307
213 0.00107917
214 -0.0580132
215 0.0340504
216 0.0389322
217 0.0940877
218 0.0835369
219 0.127453
220 0.0485972
221 0.105721
222 0.182569
223 0.21245
224 0.180226
225 0.210265
226 0.21869
227 0.150286
228 0.11637
229 0.24607
230 0.321324
231 0.340063
232 0.418525
233 0.280498
234 0.337386
235 0.472559
236 0.336343
237 0.449449
238 0.570114
239 0.527911
240 0.573264
241 0.487971
242 0.64334
243 0.815775
244 0.734971
245 0.807507
246 0.973899
247 0.830932
248 0.983544
249 0.985316
250 0.935534
251 0.989706
252 0.900083
253 1.00541
254 0.805598
255 0.914275
256 0.971478
257 0.898036
258 0.958388
259 0.80609
260 0.805755
261 0.71194
262 0.746289
263 0.858135
264 0.800874
265 0.843038
266 0.761899
267 0.520254
268 0.532773
269 0.523364
270 0.592102
271 0.439213
272 0.451496
273 0.484271
274 0.242153
275 0.371224
276 0.205639
277 0.258413
278 0.11454
279 0.174833
280 0.117925
281 0.212371
282 0.0477507
283 0.159026
284 0.12637
285 0.0337355
286 -0.0165777
287 0.0520616
288 -0.0626784
289 0.000587061
290 -0.0624816
291 0.104993
292 -0.184702
293 -0.0952757
294 -0.143168
295 -0.0263214
296 0.0173778
297 0.0832219
298 -0.113346
299 -0.245074
300 -0.0310654
301 0.00289013
302 -0.0493127
303 -0.148758
304 -0.0440177
305 -0.0539583
306 0.0318852
307 -0.131337
308 -0.0943702
309 -0.0893507
310 -0.0871854
311 -0.0501985
312 -0.144191
313 -0.15114
314 -0.112696
315 0.0521404
316 -0.0235656
317 -0.0951379
318 -0.0061253
319 -0.223106
320 -0.0323055
321 -0.023664
322 0.0285585
323 -0.00124358
324 -0.0907877
325 -0.0142156
326 -0.00551509
327 -0.0189201
328 -0.152085
329 -0.0374037
330 -0.0142156
331 -0.062265
332 0.0211375
333 -0.215094
334 -0.166887
335 -0.0236444
336 -0.0716938
337 0.0399164
338 -0.0957087
339 -0.0978346
340 -0.122499
341 -0.0156525
342 0.0571008
343 -0.0766149
344 -0.106614
345 -0.119035
346 -0.158817
347 -0.105512
348 -0.102224
349 -0.0919293
350 -0.157163
351 -0.28458
352 0.0119252
353 -0.134093
354 0.068813
355 -0.141258
356 -0.0976181
357 0.0266491
358 9.49525e-05
359 -0.0819297
360 -0.048112
361 -0.0606509
362 -0.00899921
363 -0.0496474
364 0.0806039
365 -0.131396
366 0.0875722
367 0.0643643
368 -0.106968
369 -0.16049
370 -0.0618123
371 -0.0162824
372 -0.0514583
373 -0.070434
374 -0.0147667
375 -0.186887
376 -0.138266
377 -0.14177
378 -0.0598242
379 -0.0324236
380 -0.0819888
381 0.00505541
382 -0.0940749
383 -0.123483
384 -0.0563007
385 -0.181158
386 -0.104035
387 -0.00899921
388 0.0669627
389 0.0151732
390 -0.0812211
391 -0.019176
392 -0.0694892
393 0.0299561
394 0.0208029
395 -0.139329
396 -0.0338605
397 0.00590183
398 -0.202339
399 0.00704353
400 0.0170235
401 -0.0742922
402 0.0477901
403 -0.199268
404 0.0329284
405 -0.0453562
406 -0.104567
407 0.0901902
408 -0.161139
409 -0.054411
410 0.00117759
411 0.102434
412 -0.0665759
413 -0.0323645
414 -0.0251994
415 -0.0738985
416 0.0792851
417 -0.00494424
418 -0.0159872
419 -0.155372
420 -0.15297
421 -0.101909
422 -0.0798432
423 -0.0560842
424 -0.0304748
425 -0.13803
426 -0.0861028
427 -0.0327385
428 -0.098189
429 -0.0758079
430 0.0391684
431 0.0526325
432 0.0365504
433 0.00787027
434 -0.14118
435 -0.0460648
436 -0.0777566
437 -0.00832995
438 -0.113149
439 -0.0246876
440 -0.0317149
441 -0.0385848
442 -0.104409
443 0.0145629
444 -0.124645
445 0.0167676
446 0.119697
447 0.0306451
448 -0.0145896
449 -0.0721859
450 0.00511446
451 0.0485184
452 0.121823
453 -0.0315772
454 0.0112953
455 -0.105
456 -0.101102
457 -0.028467
458 -0.133345
459 0.0308025
460 -0.027719
461 0.0592858
462 0.007201
463 0.0147992
464 0.0318852
465 -0.0378565
466 -0.103051
467 0.0838715
468 -0.0596864
469 -0.0449231
470 -0.0545291
471 -0.0468325
472 0.102847
473 -0.0465766
474 -0.0733867
475 -0.0139203
476 0.0370425
477 -0.135471
478 -0.0374825
479 0.0118662
480 -0.036262
481 0.0494042
482 -0.0564778
483 0.0850919
484 0.150975
485 -0.0348251
486 -0.0249435
487 0.0527702
488 0.127354
489 0.00474046
490 0.105938
491 -0.00559382
492 -0.0384076
493 -0.011696
494 -0.0755323
495 -0.00628277
496 -0.0626784
497 -0.17106
498 -0.0788786
499 -0.107578
500 0.00564594
501 0.174262
502 -0.0579542
503 -0.00752289
504 -0.0572849
505 -0.0248648
506 0.0036775
507 0.0101733
508 -0.0239003
509 -0.0131132
510 -0.125452
511 0.039877
