0.035015
-0.0731505
-0.0938387
-0.202201
0.0165117
0.0428493
-0.0149636
0.0588133
-0.0606706
0.0630848
0.00375624
0.0812141
0.0644628
0.0890682
-0.0179753
0.01724
-0.0236837
-0.017306
0.135405
0.0442076
-0.0663397
-0.0424823
0.0550733
-0.0104952
0.00842143
-0.038447
-0.124094
-0.0872051
0.050979
0.0170825
0.014622
0.0147204
0.128634
-0.0610052
0.112355
0.0378692
-0.00610562
-0.0676782
0.0399164
0.0895209
-0.109803
0.0521994
0.0197202
0.136074
-0.0191367
0.0353299
-0.00679457
0.0487743
-0.0475215
-0.0198059
0.0452311
0.15009
0.0427116
0.032023
-0.0447263
-0.0657492
0.00832301
-0.0146093
-0.0840162
0.116902
0.161349
0.025035
0.0547781
0.0122205
0.0541482
-0.0108889
0.0891469
0.143358
-0.000121575
-0.069312
-0.00319233
0.00346097
0.0298577
-0.00921574
0.126055
-0.0230341
0.0158818
0.026905
-0.033644
-0.0101606
0.0117087
-0.00718825
-0.0580723
0.0202911
-0.0720285
-0.0215185
-0.092264
-0.0612611
0.00603962
-0.169112
-0.0920475
-0.0151604
0.104993
-0.0355928
-0.049175
0.0103111
0.0931232
0.0631439
-0.0697648
-0.0696467
0.0938515
-0.0546078
0.049542
0.0519238
0.0858596
-0.0484663
-0.0797644
0.036944
0.143338
0.0197399
0.0352512
0.0348378
-0.0199831
-0.016558
-0.126987
-0.0501395
0.0943633
0.0530458
0.0046814
0.0791079
-0.10376
0.0920996
0.0123189
-0.075178
-0.0864177
-0.0520686
0.0976899
-0.107972
-0.0552377
0.0148385
0.0293459
0.122453
-0.0368526
-0.0136841
-0.0501001
0.0565103
0.0540891
0.0734191
-0.140136
-0.13677
-0.0231129
0.057652
0.0538332
0.0283223
0.0437351
0.0418454
0.016866
0.00161065
-0.0111054
0.00765374
0.0703287
0.0342867
0.0950129
0.0234996
0.145976
0.0522191
-0.0943308
0.0757616
-0.0193335
-0.0172666
0.0372393
0.0584197
0.00076422
-0.10498
-0.0199043
-0.150549
-0.0224436
0.0275152
0.0695807
-0.00490487
-0.0255341
0.00326413
0.0801905
-0.00407813
0.0843242
0.180856
-0.0268332
0.0410974
0.0329875
-0.0518323
-0.016558
-0.0715561
-0.154368
0.106154
-0.130727
0.061018
-0.0539189
0.0174369
0.102946
0.0420226
-0.0559857
-0.138384
-0.0705915
-0.0696467
0.0296018
0.141566
-0.0163612
0.0148976
-0.0234082
-0.0164989
-0.0230735
-0.00547572
0.0153306
0.0431249
-0.0133298
0.0501522
0.168396
0.210816
-0.0350613
0.00928754
0.154007
0.0098387
0.014307
0.00107917
-0.0580132
0.0340504
0.0389322
0.0940877
0.0835369
0.127453
0.0485972
0.105721
0.182569
0.21245
0.180226
0.210265
0.21869
0.150286
0.11637
0.24607
0.321324
0.340063
0.418525
0.280498
0.337386
0.472559
0.336343
0.449449
0.570114
0.527911
0.573264
0.487971
0.64334
0.815775
0.734971
0.807507
0.973899
0.830932
0.983544
0.985316
0.935534
0.989706
0.900083
1.00541
0.805598
0.914275
0.971478
0.898036
0.958388
0.80609
0.805755
0.71194
0.746289
0.858135
0.800874
0.843038
0.761899
0.520254
0.532773
0.523364
0.592102
0.439213
0.451496
0.484271
0.242153
0.371224
0.205639
0.258413
0.11454
0.174833
0.117925
0.212371
0.0477507
0.159026
0.12637
0.0337355
-0.0165777
0.0520616
-0.0626784
0.000587061
-0.0624816
0.104993
-0.184702
-0.0952757
-0.143168
-0.0263214
0.0173778
0.0832219
-0.113346
-0.245074
-0.0310654
0.00289013
-0.0493127
-0.148758
-0.0440177
-0.0539583
0.0318852
-0.131337
-0.0943702
-0.0893507
-0.0871854
-0.0501985
-0.144191
-0.15114
-0.112696
0.0521404
-0.0235656
-0.0951379
-0.0061253
-0.223106
-0.0323055
-0.023664
0.0285585
-0.00124358
-0.0907877
-0.0142156
-0.00551509
-0.0189201
-0.152085
-0.0374037
-0.0142156
-0.062265
0.0211375
-0.215094
-0.166887
-0.0236444
-0.0716938
0.0399164
-0.0957087
-0.0978346
-0.122499
-0.0156525
0.0571008
-0.0766149
-0.106614
-0.119035
-0.158817
-0.105512
-0.102224
-0.0919293
-0.157163
-0.28458
0.0119252
-0.134093
0.068813
-0.141258
-0.0976181
0.0266491
9.49525e-05
-0.0819297
-0.048112
-0.0606509
-0.00899921
-0.0496474
0.0806039
-0.131396
0.0875722
0.0643643
-0.106968
-0.16049
-0.0618123
-0.0162824
-0.0514583
-0.070434
-0.0147667
-0.186887
-0.138266
-0.14177
-0.0598242
-0.0324236
-0.0819888
0.00505541
-0.0940749
-0.123483
-0.0563007
-0.181158
-0.104035
-0.00899921
0.0669627
0.0151732
-0.0812211
-0.019176
-0.0694892
0.0299561
0.0208029
-0.139329
-0.0338605
0.00590183
-0.202339
0.00704353
0.0170235
-0.0742922
0.0477901
-0.199268
0.0329284
-0.0453562
-0.104567
0.0901902
-0.161139
-0.054411
0.00117759
0.102434
-0.0665759
-0.0323645
-0.0251994
-0.0738985
0.0792851
-0.00494424
-0.0159872
-0.155372
-0.15297
-0.101909
-0.0798432
-0.0560842
-0.0304748
-0.13803
-0.0861028
-0.0327385
-0.098189
-0.0758079
0.0391684
0.0526325
0.0365504
0.00787027
-0.14118
-0.0460648
-0.0777566
-0.00832995
-0.113149
-0.0246876
-0.0317149
-0.0385848
-0.104409
0.0145629
-0.124645
0.0167676
0.119697
0.0306451
-0.0145896
-0.0721859
0.00511446
0.0485184
0.121823
-0.0315772
0.0112953
-0.105
-0.101102
-0.028467
-0.133345
0.0308025
-0.027719
0.0592858
0.007201
0.0147992
0.0318852
-0.0378565
-0.103051
0.0838715
-0.0596864
-0.0449231
-0.0545291
-0.0468325
0.102847
-0.0465766
-0.0733867
-0.0139203
0.0370425
-0.135471
-0.0374825
0.0118662
-0.036262
0.0494042
-0.0564778
0.0850919
0.150975
-0.0348251
-0.0249435
0.0527702
0.127354
0.00474046
0.105938
-0.00559382
-0.0384076
-0.011696
-0.0755323
-0.00628277
-0.0626784
-0.17106
-0.0788786
-0.107578
0.00564594
0.174262
-0.0579542
-0.00752289
-0.0572849
-0.0248648
0.0036775
0.0101733
-0.0239003
-0.0131132
-0.125452
0.039877
